0,55049
1,130988
2,583819
3,516142
4,769887
5,712658
6,392206
7,138200
8,74034
9,47538
10,210545
11,173720
12,179209
13,801124
14,200918
15,192112
16,551987
17,958354
18,248191
19,320364
20,400873
21,1495054
22,9402
23,632296
24,85934
25,90131
26,76993
27,235261
28,1275444
29,241351
30,453911
31,235554
32,97844
33,77087
34,76328
35,346954
36,262758
37,64332
38,127688
39,98399
40,170101
41,829408
42,613207
43,6874
44,816223
45,170700
46,643201
47,194147
48,179862
49,12378
50,15515
51,269812
52,19969
53,94016
54,286862
55,225959
56,247058
57,358623
58,1308296
59,261036
60,154972
61,181453
62,2153009
63,1337225
64,910788
65,216029
66,49988
67,12216
68,302875
69,236510
70,46686
71,17568
72,6662
73,30901
74,396969
75,21434
76,47832
77,138394
78,108609
79,176061
80,560585
81,1334022
82,2623376
83,1598379
84,603284
85,53711
86,1441088
87,1738113
88,120109
89,372004
90,77089
91,60080
92,59948
93,413885
94,81274
95,124112
96,637575
97,21581
98,37456
99,86312
100,77632
101,27196
102,26692
103,144255
104,102879
105,1799447
106,1497280
107,2504646
108,83838
109,6614
110,9460
111,4708
112,12211
113,526681
114,1800228
115,1551047
116,498223
117,50155
118,58458
119,13475
120,14353
121,2718627
122,20659
123,107998
124,86766
125,60888
126,124358
127,118835
128,1702933
129,1718778
130,80731
131,433624
132,551302
133,700423
134,21239
135,128179
136,95648
137,765048
138,152067
139,84022
140,75066
141,249264
142,1577926
143,224489
144,41289
145,720409
146,51241
147,452703
148,18577
149,28918
150,105824
151,183021
152,695337
153,625619
154,517000
155,358343
156,27518
157,174544
158,230548
159,132332
160,2779121
161,184636
162,267557
163,463697
164,122515
165,1010345
166,1616798
167,169102
168,378712
169,1385277
170,717606
171,163827
172,661814
173,734992
174,487288
175,20630
176,31862
177,67654
178,24868
179,198219
180,548035
181,166300
182,118160
183,1727878
184,652859
185,13530
186,117156
187,519961
188,202742
189,243811
190,191073
191,204727
192,42379
193,99177
194,208997
195,161718
196,83260
197,82061
198,97379
199,164496
200,62987
201,312788
202,5627
203,198427
204,79126
205,63510
206,149287
207,77732
208,313471
209,553315
210,1073971
211,1480008
212,1712934
213,60191
214,188369
215,428600
216,62194
217,43060
218,194829
219,35672
220,31934
221,344401
222,374919
223,278974
224,20674
225,65901
226,496958
227,30073
228,55223
229,90204
230,143778
231,105052
232,180929
233,511495
234,221806
235,34512
236,395060
237,72243
238,64075
239,12284
240,33195
241,22519
242,100844
243,195555
244,47147
245,290828
246,14189
247,16638
248,30930
249,2255246
250,90887
251,130746
252,1111532
253,289148
254,842047
255,677853
256,1707542
257,18528
258,240008
259,30071
260,12836
261,245215
262,26842
263,377658
264,56999
265,46019
266,31365
267,12722
268,76813
269,694099
270,38638
271,377392
272,79749
273,46701
274,36381
275,58130
276,3431
277,25701
278,298461
279,39429
280,1169432
281,460280
282,1466439
283,1720975
284,70335
285,631681
286,271003
287,49410
288,126252
289,4217
290,695146
291,65659
292,111976
293,25338
294,35529
295,299629
296,525885
297,14883
298,17923
299,17555
300,529136
301,463713
302,70710
303,1226921
304,107369
305,293124
306,220856
307,17181
308,213149
309,56956
310,133662
311,59914
312,61372
313,17227
314,264498
315,4708
316,71249
317,24319
318,373570
319,15891
320,133059
321,143977
322,35187
323,50332
324,15936
325,46468
326,224592
327,104013
328,16648
329,1063222
330,4448
331,22738
332,32059
333,1469827
334,21231
335,24606
336,104266
337,149390
338,397352
339,211489
340,1034073
341,11383
342,190295
343,52602
344,7193
345,51596
346,70919
347,31236
348,1779
349,19906
350,15105
351,310626
352,31333
353,161341
354,6176
355,742109
356,400724
357,307383
358,71483
359,41468
360,39682
361,230825
362,544429
363,522784
364,18247
365,789977
366,862676
367,1003232
368,156789
369,11929
370,82367
371,1001823
372,152777
373,145005
374,19549
375,353398
376,150096
377,419386
378,69908
379,149845
380,91528
381,63662
382,6553
383,6134
384,31734
385,67827
386,10505
387,92102
388,90246
389,112592
390,125354
391,40343
392,52573
393,577374
394,94735
395,173470
396,29685
397,84420
398,4319
399,31408
400,106768
401,188954
402,5305
403,22180
404,663848
405,1392914
406,34513
407,33507
408,258153
409,173693
410,44317
411,531680
412,355091
413,56144
414,607
415,1403
416,798
417,314942
418,89483
419,786705
420,984395
421,103314
422,272922
423,128901
424,1364891
425,39892
426,252446
427,468612
428,44351
429,61934
430,235256
431,83399
432,5241
433,37801
434,2125683
435,8269
436,2764
437,100094
438,459041
439,3472
440,148735
441,311746
442,65724
443,172140
444,81565
445,117023
446,42029
447,35380
448,79670
449,1
450,452718
451,7111
452,57309
453,246692
454,36407
455,208455
456,2343
457,36958
458,241160
459,264591
460,188357
461,28378
462,125030
463,68
464,248187
465,7401
466,76163
467,113747
468,53299
469,19974
470,26485
471,27418
472,2232
473,705625
474,785354
475,791
476,6917
477,8563
478,163265
479,412
480,224405
481,253610
482,79966
483,104978
484,42492
485,59969
486,418353
487,6420
488,6237
489,262978
490,341754
491,8080
492,179266
493,729047
494,706412
495,692084
496,26809
497,11939
498,154612
499,62873
500,26757
501,13310
502,25353
503,9159
504,73214
505,10343
506,235845
507,846
508,92395
509,218596
510,24154
511,11757
512,5496
513,230054
514,7464
515,84360
516,13520
517,13520
518,742754
519,26947
520,293419
521,11534
522,642
523,12563
524,6
525,61687
526,221513
527,37795
528,6861
529,57348
530,7604
531,441550
532,49780
533,1052855
534,2719
535,4057
536,17820
537,51466
538,1888
539,6066
540,17228
541,65787
542,29872
543,143144
544,145759
545,53061
546,734020
547,81590
548,236962
549,152299
550,166135
551,46437
552,246989
553,4154
554,6023
555,17763
556,5127
557,39541
558,4064
559,23469
560,98945
561,68
562,47336
563,23877
564,61258
565,4448
566,17361
567,3344
568,101904
569,60564
570,14692
571,78133
572,58741
573,39902
574,2299
575,9200
576,78648
577,38033
578,17
579,22762
581,37197
582,33381
583,15
584,2442
585,9474
586,90984
587,25257
588,38576
589,148542
590,61008
591,35274
592,37037
593,85763
594,21094
595,30
596,3777
597,33247
598,4085
599,20938
600,12405
601,210699
602,32248
603,1
604,10579
605,24
606,473
607,114872
608,29530
609,5093
610,24245
611,70975
612,264261
613,1282
614,1288
615,298892
616,1967
617,2798
618,7049
619,9174
620,2189
621,15504
622,114
623,7530
624,8191
625,13315
626,1272
627,18705
628,5398
629,810
630,871
631,775
632,675
634,21
635,21858
636,1249
637,1717
638,36599
639,1880
640,13699
641,68479
642,130611
643,13538
644,20529
645,585
646,3603
647,37648
649,8357
650,446
651,22697
652,5870
654,138522
655,60106
656,3234
657,537
659,677
661,88955
662,48323
663,28121
664,8986
665,136805
666,46238
667,65138
668,382
669,2248
671,85014
672,19946
673,473
674,14563
676,3643
677,1969
678,6436
679,18541
680,157
681,31715
682,369
683,16383
685,229990
686,11369
687,11793
688,123
689,253
690,62614
692,407
693,21349
694,5899
695,60796
696,7537
697,1113
698,117898
699,21220
700,28736
701,68
702,3749
704,2029
705,9619
706,6151
707,39147
708,34038
709,1073
710,13967
712,1490
713,2133
714,59892
715,3609
716,759
717,12154
718,8379
719,15818
720,22172
721,4103
722,2669
723,2348
724,3372
725,28367
726,84002
727,2864
728,11563
729,5094
730,46161
733,3767
734,19189
735,4529
736,24391
737,366
738,187927
739,5753
740,4636
741,3430
742,2440
743,151
745,4697
747,244585
748,192418
749,4860
750,98
751,11022
752,15040
753,25439
754,29178
755,1249
756,37399
757,728
758,11844
759,2895
760,1397
761,501
762,22
763,759
764,4955
765,27437
766,818
767,17415
768,12918
769,6139
770,130
771,13325
773,990
774,585
775,118
776,46399
777,12324
778,3898
779,1316
780,568
781,168
782,3827
783,15238
784,558
785,2503
786,9618
787,1138
788,5
789,9405
790,69
791,2140
792,2316
793,495
794,281
795,377
796,5249
797,1454
799,7760
800,2277
801,2501
802,8172
803,46415
804,5972
805,1350
806,2879
807,7648
809,238169
810,16026
811,9051
812,286843
813,30942
814,1351
815,35653
816,29979
817,1591
818,28144
819,1408
820,1236396
821,3224
822,19475
823,17645
824,208
825,212
826,86514
827,258
828,139677
829,1493
830,161
831,190
832,80761
833,13871
834,2029
835,2993
836,190
837,2029
838,355
839,1038
840,25065
841,1647
842,2283
843,468
844,2271
845,128717
846,0
847,57408
848,1802
849,8141
850,762
851,7220
852,534
853,2206
854,19592
855,3596
856,393756
857,7404
858,171
859,619520
860,39167
861,44
862,22
863,432
864,558
865,20160
866,2051
867,2591
868,979
869,3342
870,848
871,200
872,9001
873,306
874,848
875,605
876,50
877,17464
878,2880
879,106
880,133610
881,688
882,5772
883,14522
884,399
885,5081
886,13805
887,521
888,399
889,2887
890,2316
891,1092
892,53542
893,335
894,78
895,4795
896,125876
897,345
898,322
899,637
900,50756
901,601
902,759
903,355
904,264
905,4886
906,6916
907,5425
908,43461
909,22413
910,338
911,2275
912,1448
913,18168
914,45617
915,196
916,1
917,45234
918,51720
919,17103
920,69
921,20426
922,16667
923,190
924,16394
925,36178
926,9318
927,6343
928,1249
929,8650
930,5941
931,9000
932,950734
933,15231
934,1681
935,983
936,19693
937,3660
938,63
939,467
940,2188
941,320
942,217
943,382
944,90
945,439
946,31
947,12333
948,109
949,77852
950,124231
951,4358
952,4198
953,11318
954,19583
955,6597
956,15251
957,6305
958,736
959,677
960,677
961,677
962,64
963,161009
964,2859
965,46
966,1693
967,2875
968,582
969,884
970,6863
971,81932
972,244
973,121
974,9282
975,121
976,58205
977,707
978,3888
979,2860
980,7344
981,58205
982,601
983,5383
984,2099
985,248
986,989
987,18280
988,705
989,977
990,50311
991,3049
992,1435
993,295
994,491
995,0
996,233
997,713
998,338
999,468
1000,3739
1001,11735
1002,118
1003,190
1004,222