0,32216
1,45243
2,973254
3,584014
4,1179955
5,597150
6,445935
7,228285
8,49475
9,51489
10,54814
11,144318
12,113051
13,644850
14,147518
15,109157
16,356160
17,1462624
18,87072
19,200440
20,267095
21,2696166
22,561
23,608476
24,61218
25,58113
26,67000
27,292221
28,1962362
29,241159
30,462167
31,152935
32,83164
33,53197
34,79022
35,286220
36,132523
37,58987
38,116002
39,58765
40,231264
41,849169
42,468231
43,1307
44,806222
45,87853
46,604325
47,159153
48,180944
49,1068
50,1679
51,191005
52,1705
53,22225
54,379650
55,216231
56,337750
57,654643
58,2423772
59,421839
60,264482
61,260335
62,4471434
63,2459211
64,886816
65,151229
66,14828
67,141
68,117414
69,135981
70,6147
71,4583
72,101
73,16131
74,352337
75,2235
76,32642
77,12875
78,9872
79,40201
80,433371
81,2066362
82,7433663
83,3188368
84,533745
85,17605
86,2279561
87,3577875
88,36904
89,292678
90,17264
91,26097
92,9533
93,361431
94,76649
95,128384
96,694794
97,21311
98,18777
99,24206
100,34173
101,10566
102,4272
103,207960
104,124948
105,3736153
106,2923144
107,6643837
108,37648
109,6
110,746
111,607
112,3266
113,554821
114,3742225
115,2855926
116,590500
117,460
118,5096
119,931
120,860
121,7873494
122,5592
123,30515
124,36516
125,24608
126,70500
127,12848
128,3492244
129,3638497
130,21070
131,297667
132,368829
133,731207
134,1737
135,95387
136,60050
137,940365
138,106338
139,59111
140,67756
141,283191
142,2932846
143,69947
144,1313
145,659435
146,3810
147,196599
148,1640
149,8019
150,96531
151,140570
152,554572
153,527346
154,356514
155,134824
156,5615
157,331525
158,107989
159,58788
160,6896791
161,49495
162,79707
163,201806
164,72497
165,1631753
166,2944709
167,192866
168,305623
169,2391205
170,669695
171,118989
172,632864
173,671944
174,417799
175,1112
176,7703
177,24339
178,12707
179,111310
180,368046
181,260975
182,226984
183,3467248
184,508236
185,18211
186,13521
187,249208
188,69030
189,167410
190,31003
191,71128
192,14868
193,72574
194,200099
195,135432
196,90560
197,52782
198,54632
199,121243
200,53005
201,211572
202,120
203,72440
204,73878
205,46689
206,155672
207,33984
208,214004
209,434934
210,1379902
211,2765116
212,3439969
213,85333
214,77678
215,264431
216,34771
217,5016
218,145809
219,2382
220,940
221,190751
222,288899
223,160183
224,588
225,24467
226,247991
227,1057
228,4982
229,13258
230,14319
231,64791
232,126728
233,406074
234,107142
235,16622
236,207640
237,32330
238,28104
239,336
240,13695
241,16052
242,37000
243,100980
244,19245
245,224025
246,3244
247,6784
248,10810
249,5830064
250,85159
251,98709
252,1871945
253,86496
254,701084
255,492361
256,3448807
257,3143
258,85601
259,6406
260,2570
261,187116
262,6217
263,300184
264,52227
265,50918
266,22646
267,5788
268,25989
269,586596
270,3204
271,346379
272,47539
273,38067
274,15543
275,30451
276,30
277,7369
278,143692
279,206
280,1782002
281,520326
282,2710661
283,3357047
284,32939
285,774012
286,272083
287,9808
288,27476
289,55
290,510787
291,17164
292,41197
293,8499
294,7660
295,329598
296,345232
297,5991
298,892
299,5436
300,370373
301,172337
302,8406
303,1815793
304,19258
305,454119
306,57295
307,2985
308,34386
309,54791
310,27821
311,23687
312,11147
313,7990
314,119101
315,64
316,29803
317,12444
318,275525
319,1940
320,157894
321,273076
322,43128
323,24408
324,2128
325,8763
326,51399
327,14635
328,5738
329,1493480
330,66
331,1745
332,32071
333,2555856
334,23371
335,29009
336,54759
337,80400
338,253738
339,267809
340,1152266
341,2854
342,146156
343,7916
344,1775
345,16911
346,11400
347,4960
348,36
349,4574
350,4631
351,160070
352,11058
353,40325
354,2092
355,606949
356,210435
357,149294
358,104160
359,41317
360,10035
361,222868
362,361138
363,384841
364,312
365,859462
366,965328
367,1292629
368,127259
369,449
370,58980
371,1315004
372,26976
373,25117
374,9356
375,204874
376,250274
377,583739
378,57185
379,261153
380,84472
381,46485
382,120
383,120
384,7202
385,48011
386,345
387,107169
388,65624
389,120826
390,218922
391,21142
392,31199
393,539830
394,120640
395,107620
396,10466
397,87872
398,36
399,5062
400,30488
401,59099
402,17
403,3235
404,663557
405,2395486
406,27034
407,20642
408,316911
409,73262
410,1638
411,615230
412,505673
413,36413
414,0
415,0
416,0
417,359019
418,29266
419,793986
420,1009448
421,30164
422,150182
423,125164
424,2111899
425,11678
426,167124
427,238091
428,54965
429,73751
430,103070
431,8098
432,520
433,7181
434,4709130
435,144
436,6
437,85876
438,499282
439,6
440,94051
441,122589
442,37840
443,223971
444,90574
445,13552
446,47698
447,45481
448,77579
450,340017
451,995
452,67559
453,37153
454,490
455,270601
456,0
457,12386
458,108944
459,161134
460,41540
461,30595
462,12884
464,88139
465,73
466,85505
467,15549
468,3110
469,7148
470,5934
471,552
472,10
473,536285
474,777832
476,772
477,3334
478,60278
479,0
480,64400
481,302173
482,12826
483,25363
484,3676
485,31310
486,257174
487,1944
488,1462
489,56084
490,112153
491,101
492,28795
493,706197
494,603822
495,562372
496,7041
497,1066
498,200326
499,93448
500,19502
501,1952
502,19112
503,2251
504,63705
505,1158
506,122964
507,0
508,35603
509,85479
510,9319
511,592
512,0
513,58449
514,1516
515,54144
516,2219
517,2219
518,667574
519,1177
520,319411
521,521
522,0
523,928
525,85323
526,162369
527,10203
528,375
529,51688
530,20
531,218207
532,4916
533,1151981
534,18
535,352
536,406
537,9692
538,108
539,54
540,311
541,2076
542,7676
543,37925
544,15044
545,23758
546,679994
547,72336
548,57602
549,90817
550,28509
551,4363
552,206891
553,343
554,482
555,3299
556,70
557,2763
558,166
559,238
560,17960
562,17414
563,2475
564,3830
565,195
566,6808
567,0
568,25199
569,44639
570,11410
571,16777
572,6623
573,13940
574,7
575,889
576,3856
577,1307
579,16285
581,3747
582,1970
584,16
585,237
586,19888
587,2319
588,15718
589,15711
590,43061
591,189
592,54750
593,80115
594,228
596,7
597,304
598,221
599,965
600,781
601,52940
602,9080
604,237
607,23328
608,23757
609,7
610,847
611,9325
612,109165
613,0
614,0
615,136154
616,0
617,120
618,2771
619,520
620,0
621,2020
623,133
624,107
625,300
627,297
628,300
629,6
630,0
631,0
632,6
635,2473
637,6
638,1648
639,7
640,6145
641,3340
642,8139
643,233
644,874
645,0
646,6
647,771
649,81
651,352
652,17
654,29403
655,7665
656,396
661,52822
662,6539
663,5874
664,17
665,33987
666,9530
667,16345
669,0
671,17675
672,1647
674,5568
676,7
677,0
678,565
679,3539
681,8515
682,0
683,1020
685,318285
686,123
687,150
690,6081
693,120
694,18
695,3909
696,660
697,0
698,107296
699,12796
700,23533
702,0
705,70
706,255
707,37034
708,11200
709,6
710,4433
713,6
714,13010
715,0
717,26
718,160
719,1599
720,11870
721,78
722,7
723,97
724,0
725,5346
726,4148
727,0
728,3165
729,61
730,218
733,131
734,455
735,520
736,28
738,200687
739,0
740,0
741,78
743,6
745,6
747,56546
748,27735
749,8
751,334
752,16
753,5267
754,12623
756,3230
757,0
758,36
760,6
764,0
765,8752
766,6
767,30
768,10956
769,0
771,246
776,37445
777,753
778,0
779,0
781,0
782,6
783,21
785,7
786,18
789,135
791,36
793,0
794,0
796,16
797,0
799,7
800,0
801,0
802,52
803,14590
804,1496
805,0
806,120
807,42
809,274186
810,236
811,206
812,160638
813,13038
814,0
815,7260
816,8392
817,0
818,194
819,36
820,1794284
821,0
822,1682
823,11736
825,16
826,55220
828,20085
829,0
832,40737
833,260
835,71
836,0
838,0
840,5548
841,30
842,0
843,0
844,0
845,75352
847,39526
848,6
849,36
851,1838
854,276
855,6
856,195639
857,7
859,638714
860,25128
865,1806
866,0
867,0
869,100
870,6
872,536
873,0
874,6
877,182
878,36
880,74127
882,0
883,1308
885,18
886,882
887,0
889,7
891,0
892,5217
893,0
895,6
896,25346
900,13138
903,6
905,567
906,0
907,866
908,49481
909,327
911,6
912,16
913,5358
914,12722
917,53567
918,54216
919,2310
921,1440
922,1331
923,7
924,1189
925,18398
926,3305
927,2688
929,3530
930,1619
931,2927
932,947273
933,9930
934,0
935,36
936,4290
937,334
939,0
940,0
945,0
947,1176
949,42347
950,17712
951,407
952,42
953,1486
954,354
955,237
956,2178
957,655
958,0
963,58242
964,36
966,0
967,30
968,0
969,0
970,39
971,8677
974,334
976,74394
977,0
978,120
979,0
980,203
981,74394
983,6
984,0
986,0
987,3297
988,0
989,0
990,14318
991,36
997,6
1000,78
1001,1745